20586908 2 0.0140 0.0127 0.0046 0.0025 0.0017 0.0014 0.0013 0.0014 0.0015 0.0018 0.0023 0.0034 0.0066 0.0036 0.0024 0.0019 0.0016 0.0014 0.0013 0.0014 0.0017 0.0024 0.0045 0.0138 0.6361 0.2728 
20586934 5 0.0110 0.0096 0.0047 0.0029 0.0021 0.0018 0.0016 0.0017 0.0019 0.0022 0.0027 0.0040 0.0076 0.0043 0.0029 0.0024 0.0020 0.0018 0.0017 0.0018 0.0021 0.0028 0.0044 0.0104 0.6907 0.2187 
20586960 2 0.0161 0.0142 0.0054 0.0030 0.0020 0.0016 0.0015 0.0016 0.0017 0.0020 0.0025 0.0038 0.0069 0.0040 0.0027 0.0021 0.0017 0.0016 0.0015 0.0016 0.0020 0.0028 0.0051 0.0154 0.5937 0.3033 
20586986 5 0.0135 0.0120 0.0048 0.0028 0.0019 0.0015 0.0013 0.0014 0.0015 0.0018 0.0022 0.0035 0.0066 0.0039 0.0024 0.0019 0.0016 0.0015 0.0014 0.0015 0.0019 0.0027 0.0047 0.0134 0.6519 0.2564 
20587054 4 0.0119 0.0102 0.0044 0.0026 0.0018 0.0015 0.0014 0.0014 0.0014 0.0016 0.0020 0.0034 0.0073 0.0036 0.0022 0.0018 0.0015 0.0014 0.0014 0.0016 0.0019 0.0026 0.0044 0.0108 0.6978 0.2179 
20587080 4 0.0176 0.0150 0.0061 0.0036 0.0024 0.0019 0.0016 0.0016 0.0016 0.0019 0.0023 0.0035 0.0079 0.0038 0.0025 0.0020 0.0018 0.0017 0.0017 0.0019 0.0024 0.0033 0.0057 0.0157 0.5794 0.3110 
20587148 2 0.0072 0.0063 0.0025 0.0015 0.0010 0.0008 0.0007 0.0007 0.0007 0.0008 0.0011 0.0022 0.0051 0.0023 0.0011 0.0009 0.0007 0.0007 0.0007 0.0008 0.0009 0.0014 0.0024 0.0066 0.8218 0.1293 
20587174 2 0.0063 0.0051 0.0028 0.0018 0.0013 0.0010 0.0009 0.0009 0.0009 0.0011 0.0015 0.0032 0.0072 0.0033 0.0018 0.0012 0.0010 0.0010 0.0009 0.0011 0.0014 0.0018 0.0028 0.0057 0.8311 0.1127 
20587200 2 0.0126 0.0109 0.0041 0.0023 0.0015 0.0011 0.0010 0.0009 0.0010 0.0012 0.0015 0.0027 0.0059 0.0028 0.0016 0.0012 0.0010 0.0010 0.0010 0.0012 0.0015 0.0022 0.0040 0.0118 0.7017 0.2224 
20587226 2 0.0109 0.0093 0.0037 0.0021 0.0014 0.0010 0.0009 0.0008 0.0009 0.0010 0.0012 0.0024 0.0057 0.0025 0.0013 0.0010 0.0009 0.0009 0.0009 0.0011 0.0014 0.0019 0.0035 0.0100 0.7441 0.1892 
20587294 2 0.0170 0.0149 0.0047 0.0023 0.0014 0.0010 0.0008 0.0008 0.0008 0.0009 0.0011 0.0022 0.0061 0.0023 0.0010 0.0007 0.0006 0.0006 0.0006 0.0008 0.0011 0.0018 0.0042 0.0158 0.6303 0.2862 
20587320 2 0.0174 0.0150 0.0056 0.0029 0.0018 0.0013 0.0011 0.0010 0.0011 0.0012 0.0014 0.0025 0.0069 0.0026 0.0013 0.0011 0.0010 0.0009 0.0010 0.0012 0.0017 0.0027 0.0055 0.0168 0.5948 0.3103 
20587346 2 0.0203 0.0176 0.0058 0.0030 0.0019 0.0014 0.0011 0.0011 0.0011 0.0013 0.0016 0.0030 0.0066 0.0031 0.0016 0.0012 0.0010 0.0010 0.0010 0.0012 0.0016 0.0025 0.0052 0.0187 0.5506 0.3456 
20587372 2 0.0230 0.0201 0.0061 0.0030 0.0018 0.0013 0.0011 0.0010 0.0010 0.0011 0.0014 0.0027 0.0064 0.0027 0.0014 0.0011 0.0009 0.0009 0.0009 0.0011 0.0015 0.0025 0.0056 0.0218 0.4965 0.3930 
20587466 2 0.0051 0.0043 0.0022 0.0014 0.0011 0.0010 0.0009 0.0010 0.0011 0.0014 0.0019 0.0036 0.0083 0.0039 0.0022 0.0016 0.0013 0.0012 0.0010 0.0011 0.0012 0.0015 0.0024 0.0045 0.8380 0.1067 
20587492 2 0.0071 0.0061 0.0024 0.0014 0.0009 0.0008 0.0007 0.0008 0.0009 0.0011 0.0014 0.0027 0.0062 0.0031 0.0016 0.0011 0.0009 0.0008 0.0008 0.0008 0.0010 0.0014 0.0024 0.0062 0.8144 0.1332 
20587518 2 0.0086 0.0075 0.0029 0.0017 0.0011 0.0010 0.0009 0.0009 0.0010 0.0013 0.0018 0.0035 0.0068 0.0039 0.0020 0.0015 0.0011 0.0010 0.0010 0.0011 0.0013 0.0018 0.0030 0.0078 0.7733 0.1624 
20587544 2 0.0052 0.0045 0.0018 0.0011 0.0007 0.0006 0.0006 0.0006 0.0007 0.0009 0.0013 0.0028 0.0064 0.0029 0.0015 0.0010 0.0008 0.0007 0.0006 0.0007 0.0008 0.0011 0.0018 0.0046 0.8563 0.1001 
20587612 5 0.0154 0.0136 0.0044 0.0022 0.0013 0.0009 0.0008 0.0007 0.0008 0.0009 0.0012 0.0024 0.0058 0.0024 0.0012 0.0009 0.0007 0.0007 0.0007 0.0008 0.0012 0.0019 0.0041 0.0149 0.6517 0.2685 
20587638 2 0.0139 0.0120 0.0055 0.0030 0.0019 0.0014 0.0011 0.0011 0.0011 0.0013 0.0016 0.0028 0.0066 0.0030 0.0017 0.0013 0.0011 0.0011 0.0011 0.0013 0.0018 0.0028 0.0053 0.0137 0.6543 0.2584 
20587664 5 0.0177 0.0156 0.0048 0.0022 0.0013 0.0009 0.0007 0.0007 0.0008 0.0009 0.0011 0.0022 0.0049 0.0023 0.0011 0.0009 0.0007 0.0007 0.0007 0.0008 0.0012 0.0020 0.0045 0.0170 0.6107 0.3036 
20587690 2 0.0178 0.0157 0.0050 0.0024 0.0014 0.0010 0.0009 0.0009 0.0009 0.0011 0.0015 0.0030 0.0073 0.0035 0.0016 0.0011 0.0009 0.0008 0.0008 0.0010 0.0014 0.0022 0.0049 0.0174 0.5951 0.3100 
20587758 3 0.0134 0.0118 0.0051 0.0031 0.0021 0.0017 0.0015 0.0016 0.0017 0.0021 0.0026 0.0046 0.0101 0.0048 0.0028 0.0022 0.0018 0.0017 0.0016 0.0018 0.0023 0.0032 0.0050 0.0124 0.6454 0.2536 
20587784 3 0.0154 0.0134 0.0054 0.0032 0.0022 0.0017 0.0015 0.0016 0.0017 0.0021 0.0026 0.0043 0.0081 0.0045 0.0028 0.0023 0.0019 0.0018 0.0019 0.0020 0.0024 0.0032 0.0052 0.0138 0.6118 0.2830 
20587810 3 0.0174 0.0151 0.0063 0.0037 0.0025 0.0020 0.0018 0.0018 0.0020 0.0024 0.0031 0.0051 0.0096 0.0054 0.0034 0.0027 0.0022 0.0021 0.0021 0.0023 0.0027 0.0037 0.0060 0.0158 0.5567 0.3223 
20587836 3 0.0114 0.0102 0.0041 0.0023 0.0016 0.0012 0.0011 0.0011 0.0013 0.0016 0.0021 0.0037 0.0083 0.0037 0.0021 0.0016 0.0013 0.0012 0.0012 0.0014 0.0017 0.0024 0.0040 0.0105 0.7031 0.2160 
20587902 3 0.0090 0.0081 0.0027 0.0014 0.0009 0.0007 0.0006 0.0007 0.0008 0.0010 0.0014 0.0032 0.0072 0.0032 0.0015 0.0011 0.0008 0.0007 0.0007 0.0008 0.0011 0.0016 0.0028 0.0082 0.7764 0.1633 
20587928 3 0.0121 0.0103 0.0045 0.0030 0.0022 0.0018 0.0017 0.0017 0.0019 0.0022 0.0028 0.0044 0.0085 0.0047 0.0030 0.0025 0.0021 0.0020 0.0019 0.0021 0.0024 0.0031 0.0045 0.0106 0.6848 0.2195 
20587994 6 0.0148 0.0129 0.0049 0.0027 0.0018 0.0014 0.0012 0.0012 0.0012 0.0014 0.0018 0.0038 0.0095 0.0039 0.0019 0.0015 0.0012 0.0012 0.0012 0.0013 0.0018 0.0026 0.0046 0.0137 0.6388 0.2676 
20588020 2 0.0149 0.0123 0.0063 0.0038 0.0026 0.0020 0.0018 0.0017 0.0018 0.0021 0.0025 0.0046 0.0112 0.0048 0.0028 0.0023 0.0020 0.0019 0.0020 0.0022 0.0027 0.0038 0.0061 0.0131 0.6200 0.2687 
20588046 6 0.0204 0.0175 0.0068 0.0038 0.0024 0.0018 0.0015 0.0015 0.0016 0.0019 0.0024 0.0045 0.0088 0.0046 0.0025 0.0020 0.0017 0.0016 0.0016 0.0019 0.0024 0.0035 0.0063 0.0183 0.5247 0.3542 
20588072 2 0.0197 0.0171 0.0065 0.0036 0.0023 0.0017 0.0015 0.0014 0.0014 0.0016 0.0020 0.0036 0.0083 0.0037 0.0020 0.0017 0.0015 0.0015 0.0016 0.0019 0.0024 0.0035 0.0061 0.0178 0.5420 0.3436 
20588138 1 0.0179 0.0150 0.0059 0.0034 0.0023 0.0018 0.0015 0.0014 0.0015 0.0016 0.0020 0.0034 0.0070 0.0035 0.0021 0.0018 0.0017 0.0016 0.0017 0.0020 0.0025 0.0035 0.0059 0.0156 0.5837 0.3095 
20588164 1 0.0127 0.0108 0.0045 0.0028 0.0020 0.0015 0.0013 0.0013 0.0013 0.0015 0.0019 0.0036 0.0081 0.0037 0.0021 0.0017 0.0014 0.0014 0.0014 0.0016 0.0020 0.0028 0.0044 0.0111 0.6868 0.2264 
20588190 4 0.0112 0.0093 0.0046 0.0030 0.0022 0.0018 0.0016 0.0015 0.0016 0.0019 0.0023 0.0040 0.0092 0.0042 0.0024 0.0020 0.0017 0.0016 0.0016 0.0019 0.0023 0.0031 0.0047 0.0096 0.7060 0.2046 
20588216 4 0.0177 0.0149 0.0057 0.0033 0.0023 0.0017 0.0014 0.0014 0.0014 0.0016 0.0019 0.0030 0.0069 0.0032 0.0019 0.0017 0.0015 0.0015 0.0015 0.0018 0.0023 0.0033 0.0055 0.0155 0.5898 0.3073 
20588308 3 0.0094 0.0082 0.0033 0.0021 0.0016 0.0013 0.0012 0.0012 0.0014 0.0017 0.0023 0.0039 0.0074 0.0041 0.0025 0.0019 0.0015 0.0014 0.0013 0.0014 0.0016 0.0020 0.0032 0.0085 0.7437 0.1819 
20588334 3 0.0064 0.0057 0.0022 0.0014 0.0010 0.0008 0.0008 0.0008 0.0009 0.0012 0.0017 0.0032 0.0065 0.0032 0.0018 0.0013 0.0010 0.0009 0.0008 0.0009 0.0011 0.0014 0.0021 0.0057 0.8224 0.1248 
20588458 2 0.0128 0.0114 0.0049 0.0029 0.0020 0.0016 0.0015 0.0016 0.0018 0.0022 0.0028 0.0048 0.0094 0.0050 0.0030 0.0023 0.0018 0.0017 0.0016 0.0017 0.0020 0.0028 0.0046 0.0119 0.6553 0.2467 
20588510 2 0.0187 0.0164 0.0065 0.0037 0.0025 0.0020 0.0018 0.0019 0.0020 0.0024 0.0030 0.0046 0.0082 0.0048 0.0031 0.0026 0.0022 0.0020 0.0020 0.0021 0.0025 0.0034 0.0059 0.0169 0.5314 0.3474 
20588536 5 0.0177 0.0151 0.0073 0.0047 0.0033 0.0027 0.0025 0.0026 0.0029 0.0033 0.0041 0.0061 0.0113 0.0065 0.0045 0.0036 0.0030 0.0028 0.0027 0.0029 0.0033 0.0044 0.0066 0.0157 0.5303 0.3301 
20588562 5 0.0158 0.0132 0.0067 0.0045 0.0034 0.0029 0.0027 0.0028 0.0030 0.0035 0.0044 0.0063 0.0114 0.0067 0.0048 0.0040 0.0033 0.0030 0.0028 0.0030 0.0034 0.0042 0.0061 0.0136 0.5696 0.2947 
20588654 2 0.0123 0.0111 0.0043 0.0026 0.0018 0.0014 0.0012 0.0013 0.0015 0.0019 0.0024 0.0041 0.0072 0.0042 0.0026 0.0020 0.0015 0.0014 0.0012 0.0014 0.0016 0.0023 0.0040 0.0120 0.6688 0.2441 
20588680 3 0.0138 0.0125 0.0047 0.0027 0.0018 0.0014 0.0013 0.0013 0.0016 0.0020 0.0027 0.0044 0.0079 0.0046 0.0028 0.0021 0.0016 0.0014 0.0013 0.0014 0.0017 0.0024 0.0043 0.0137 0.6299 0.2749 
22427682 2 0.0143 0.0128 0.0040 0.0020 0.0012 0.0009 0.0008 0.0008 0.0008 0.0009 0.0011 0.0020 0.0043 0.0020 0.0011 0.0009 0.0007 0.0007 0.0007 0.0008 0.0011 0.0018 0.0038 0.0134 0.6713 0.2559 
22427704 5 0.0101 0.0088 0.0042 0.0024 0.0017 0.0013 0.0012 0.0012 0.0012 0.0015 0.0018 0.0027 0.0050 0.0027 0.0018 0.0014 0.0013 0.0012 0.0012 0.0014 0.0017 0.0024 0.0040 0.0091 0.7359 0.1926 
22427728 2 0.0192 0.0171 0.0047 0.0022 0.0013 0.0010 0.0008 0.0008 0.0009 0.0011 0.0014 0.0025 0.0047 0.0026 0.0014 0.0011 0.0009 0.0008 0.0008 0.0010 0.0013 0.0021 0.0046 0.0179 0.5750 0.3328 
22427752 5 0.0161 0.0142 0.0043 0.0022 0.0013 0.0010 0.0008 0.0008 0.0009 0.0010 0.0013 0.0020 0.0041 0.0022 0.0013 0.0011 0.0009 0.0008 0.0008 0.0010 0.0013 0.0021 0.0042 0.0152 0.6362 0.2828 
22427840 5 0.0077 0.0070 0.0022 0.0011 0.0008 0.0006 0.0006 0.0006 0.0007 0.0009 0.0011 0.0021 0.0049 0.0021 0.0011 0.0008 0.0007 0.0006 0.0005 0.0006 0.0007 0.0011 0.0021 0.0072 0.8051 0.1470 
22427864 2 0.0115 0.0103 0.0032 0.0017 0.0011 0.0009 0.0009 0.0009 0.0009 0.0010 0.0013 0.0023 0.0050 0.0023 0.0012 0.0010 0.0008 0.0008 0.0008 0.0008 0.0010 0.0016 0.0031 0.0106 0.7174 0.2175 
22579730 5 0.0134 0.0117 0.0037 0.0020 0.0013 0.0011 0.0010 0.0010 0.0011 0.0012 0.0016 0.0028 0.0060 0.0028 0.0015 0.0012 0.0010 0.0009 0.0009 0.0010 0.0012 0.0018 0.0037 0.0124 0.6858 0.2381 
22579754 2 0.0148 0.0131 0.0042 0.0023 0.0015 0.0012 0.0011 0.0012 0.0013 0.0016 0.0020 0.0034 0.0071 0.0035 0.0019 0.0015 0.0012 0.0011 0.0011 0.0012 0.0014 0.0021 0.0041 0.0139 0.6375 0.2746 
22579848 2 0.0108 0.0098 0.0030 0.0015 0.0010 0.0008 0.0007 0.0007 0.0009 0.0011 0.0015 0.0030 0.0061 0.0030 0.0016 0.0012 0.0009 0.0008 0.0008 0.0009 0.0011 0.0017 0.0032 0.0098 0.7282 0.2058 
22579870 4 0.0092 0.0077 0.0038 0.0023 0.0017 0.0014 0.0013 0.0014 0.0015 0.0018 0.0024 0.0038 0.0084 0.0039 0.0026 0.0021 0.0017 0.0016 0.0015 0.0017 0.0019 0.0026 0.0042 0.0079 0.7411 0.1805 
22579892 2 0.0157 0.0138 0.0045 0.0024 0.0016 0.0012 0.0011 0.0011 0.0013 0.0015 0.0021 0.0037 0.0068 0.0038 0.0022 0.0017 0.0013 0.0013 0.0012 0.0014 0.0018 0.0026 0.0048 0.0139 0.6216 0.2856 
22579916 4 0.0139 0.0122 0.0041 0.0022 0.0015 0.0012 0.0010 0.0011 0.0012 0.0015 0.0021 0.0041 0.0079 0.0043 0.0024 0.0017 0.0014 0.0013 0.0012 0.0014 0.0017 0.0025 0.0045 0.0125 0.6546 0.2565 
22580016 2 0.0137 0.0122 0.0036 0.0017 0.0010 0.0008 0.0007 0.0006 0.0007 0.0008 0.0010 0.0020 0.0046 0.0019 0.0010 0.0007 0.0006 0.0006 0.0006 0.0007 0.0009 0.0015 0.0034 0.0134 0.6925 0.2392 
22580038 5 0.0121 0.0106 0.0047 0.0027 0.0017 0.0014 0.0012 0.0012 0.0013 0.0016 0.0021 0.0040 0.0075 0.0041 0.0023 0.0017 0.0014 0.0013 0.0013 0.0015 0.0018 0.0026 0.0045 0.0118 0.6785 0.2349 
22580068 2 0.0165 0.0144 0.0047 0.0025 0.0015 0.0011 0.0010 0.0010 0.0010 0.0012 0.0015 0.0028 0.0052 0.0031 0.0016 0.0012 0.0010 0.0010 0.0009 0.0011 0.0015 0.0024 0.0047 0.0155 0.6247 0.2869 
22580098 5 0.0170 0.0148 0.0049 0.0026 0.0016 0.0012 0.0011 0.0011 0.0013 0.0015 0.0021 0.0034 0.0055 0.0037 0.0022 0.0016 0.0013 0.0012 0.0011 0.0012 0.0016 0.0024 0.0048 0.0157 0.6026 0.3025 
22580192 3 0.0162 0.0146 0.0038 0.0017 0.0009 0.0006 0.0005 0.0005 0.0006 0.0007 0.0010 0.0025 0.0060 0.0024 0.0010 0.0006 0.0005 0.0005 0.0004 0.0006 0.0008 0.0014 0.0035 0.0152 0.6469 0.2765 
22580218 1 0.0158 0.0143 0.0039 0.0017 0.0009 0.0007 0.0006 0.0006 0.0006 0.0008 0.0011 0.0025 0.0059 0.0024 0.0010 0.0007 0.0005 0.0005 0.0005 0.0006 0.0008 0.0014 0.0034 0.0149 0.6536 0.2704 
22580244 3 0.0205 0.0184 0.0051 0.0023 0.0013 0.0009 0.0008 0.0008 0.0008 0.0010 0.0013 0.0029 0.0069 0.0030 0.0012 0.0009 0.0007 0.0007 0.0007 0.0008 0.0011 0.0020 0.0045 0.0191 0.5540 0.3484 
22580270 1 0.0190 0.0171 0.0052 0.0025 0.0014 0.0010 0.0009 0.0009 0.0010 0.0012 0.0016 0.0033 0.0074 0.0033 0.0016 0.0012 0.0009 0.0009 0.0008 0.0010 0.0013 0.0021 0.0045 0.0178 0.5677 0.3344 
22580340 2 0.0088 0.0081 0.0030 0.0016 0.0010 0.0008 0.0007 0.0007 0.0008 0.0010 0.0014 0.0028 0.0071 0.0029 0.0014 0.0011 0.0009 0.0008 0.0008 0.0009 0.0011 0.0016 0.0029 0.0081 0.7735 0.1659 
22580368 2 0.0088 0.0078 0.0035 0.0020 0.0014 0.0011 0.0010 0.0010 0.0011 0.0013 0.0017 0.0030 0.0084 0.0031 0.0018 0.0014 0.0012 0.0011 0.0011 0.0012 0.0015 0.0020 0.0033 0.0081 0.7630 0.1692 
22580392 2 0.0115 0.0102 0.0039 0.0022 0.0015 0.0011 0.0010 0.0010 0.0011 0.0013 0.0017 0.0031 0.0065 0.0031 0.0019 0.0015 0.0012 0.0012 0.0011 0.0013 0.0016 0.0023 0.0038 0.0105 0.7118 0.2125 
22580420 2 0.0130 0.0113 0.0045 0.0024 0.0016 0.0013 0.0011 0.0011 0.0012 0.0014 0.0016 0.0027 0.0062 0.0029 0.0018 0.0015 0.0013 0.0013 0.0012 0.0014 0.0017 0.0024 0.0042 0.0118 0.6840 0.2352 
22580492 2 0.0092 0.0079 0.0035 0.0022 0.0016 0.0014 0.0013 0.0013 0.0015 0.0019 0.0025 0.0047 0.0089 0.0047 0.0026 0.0019 0.0016 0.0014 0.0014 0.0015 0.0018 0.0024 0.0035 0.0079 0.7478 0.1737 
22580520 5 0.0085 0.0066 0.0041 0.0031 0.0025 0.0022 0.0021 0.0023 0.0026 0.0031 0.0040 0.0067 0.0129 0.0069 0.0044 0.0035 0.0029 0.0026 0.0024 0.0025 0.0026 0.0032 0.0041 0.0068 0.7390 0.1583 
22580548 2 0.0138 0.0115 0.0050 0.0032 0.0024 0.0021 0.0019 0.0020 0.0022 0.0026 0.0033 0.0055 0.0101 0.0057 0.0036 0.0028 0.0023 0.0022 0.0021 0.0022 0.0025 0.0033 0.0050 0.0117 0.6372 0.2540 
22580576 5 0.0136 0.0112 0.0052 0.0035 0.0027 0.0023 0.0021 0.0022 0.0024 0.0029 0.0036 0.0059 0.0103 0.0062 0.0039 0.0031 0.0026 0.0025 0.0024 0.0026 0.0028 0.0035 0.0052 0.0116 0.6356 0.2502 
22580654 5 0.0095 0.0083 0.0030 0.0017 0.0012 0.0010 0.0009 0.0009 0.0011 0.0013 0.0017 0.0032 0.0070 0.0034 0.0018 0.0014 0.0011 0.0010 0.0010 0.0011 0.0012 0.0017 0.0029 0.0085 0.7601 0.1739 
22580680 2 0.0075 0.0065 0.0027 0.0015 0.0010 0.0007 0.0007 0.0007 0.0007 0.0008 0.0010 0.0021 0.0043 0.0021 0.0011 0.0008 0.0007 0.0006 0.0007 0.0008 0.0010 0.0015 0.0026 0.0068 0.8100 0.1410 
22580706 5 0.0152 0.0135 0.0050 0.0028 0.0019 0.0015 0.0014 0.0014 0.0017 0.0021 0.0028 0.0050 0.0095 0.0055 0.0032 0.0024 0.0018 0.0016 0.0015 0.0017 0.0020 0.0029 0.0052 0.0143 0.5996 0.2948 
22580732 2 0.0122 0.0107 0.0031 0.0015 0.0009 0.0006 0.0006 0.0006 0.0007 0.0009 0.0013 0.0025 0.0048 0.0026 0.0013 0.0009 0.0006 0.0006 0.0005 0.0006 0.0008 0.0014 0.0030 0.0111 0.7261 0.2102 
22613624 2 0.0099 0.0088 0.0030 0.0016 0.0010 0.0008 0.0007 0.0007 0.0007 0.0008 0.0010 0.0017 0.0038 0.0017 0.0010 0.0008 0.0007 0.0006 0.0006 0.0007 0.0009 0.0014 0.0027 0.0091 0.7641 0.1812 
22613650 6 0.0080 0.0067 0.0033 0.0022 0.0016 0.0013 0.0012 0.0012 0.0012 0.0015 0.0018 0.0030 0.0054 0.0031 0.0019 0.0015 0.0012 0.0012 0.0011 0.0013 0.0015 0.0020 0.0032 0.0071 0.7868 0.1499 
22613676 2 0.0122 0.0105 0.0041 0.0022 0.0014 0.0011 0.0009 0.0009 0.0010 0.0012 0.0016 0.0026 0.0049 0.0027 0.0016 0.0012 0.0010 0.0009 0.0009 0.0011 0.0013 0.0021 0.0039 0.0111 0.7121 0.2153 
22613702 6 0.0103 0.0088 0.0036 0.0020 0.0014 0.0010 0.0009 0.0010 0.0011 0.0013 0.0018 0.0030 0.0052 0.0031 0.0019 0.0014 0.0011 0.0010 0.0010 0.0011 0.0013 0.0020 0.0034 0.0091 0.7481 0.1842 
22613770 5 0.0093 0.0082 0.0031 0.0017 0.0011 0.0009 0.0008 0.0008 0.0009 0.0011 0.0014 0.0023 0.0043 0.0024 0.0014 0.0011 0.0009 0.0008 0.0008 0.0008 0.0010 0.0015 0.0027 0.0088 0.7712 0.1707 
22613796 2 0.0103 0.0096 0.0032 0.0016 0.0009 0.0007 0.0006 0.0006 0.0007 0.0008 0.0011 0.0019 0.0042 0.0018 0.0010 0.0007 0.0006 0.0005 0.0005 0.0006 0.0008 0.0013 0.0029 0.0102 0.7470 0.1959 
22613822 5 0.0108 0.0095 0.0035 0.0019 0.0012 0.0009 0.0008 0.0009 0.0010 0.0011 0.0014 0.0025 0.0042 0.0025 0.0014 0.0011 0.0009 0.0008 0.0008 0.0009 0.0011 0.0016 0.0031 0.0100 0.7392 0.1966 
22613848 1 0.0126 0.0113 0.0030 0.0013 0.0007 0.0005 0.0004 0.0004 0.0005 0.0006 0.0008 0.0015 0.0032 0.0015 0.0008 0.0005 0.0004 0.0004 0.0003 0.0004 0.0006 0.0010 0.0026 0.0120 0.7239 0.2187 
22613918 4 0.0102 0.0090 0.0028 0.0014 0.0008 0.0006 0.0005 0.0005 0.0006 0.0007 0.0009 0.0020 0.0043 0.0020 0.0009 0.0007 0.0006 0.0006 0.0006 0.0006 0.0008 0.0013 0.0027 0.0092 0.7664 0.1791 
22613944 1 0.0099 0.0088 0.0026 0.0012 0.0007 0.0005 0.0004 0.0004 0.0004 0.0005 0.0007 0.0018 0.0040 0.0018 0.0008 0.0006 0.0004 0.0004 0.0004 0.0005 0.0007 0.0012 0.0025 0.0089 0.7800 0.1698 
22613970 4 0.0145 0.0127 0.0038 0.0018 0.0011 0.0008 0.0006 0.0006 0.0006 0.0007 0.0009 0.0020 0.0039 0.0021 0.0010 0.0008 0.0007 0.0007 0.0007 0.0009 0.0012 0.0018 0.0037 0.0131 0.6829 0.2463 
22613996 1 0.0125 0.0110 0.0033 0.0016 0.0009 0.0007 0.0006 0.0006 0.0006 0.0007 0.0010 0.0022 0.0039 0.0023 0.0010 0.0008 0.0006 0.0006 0.0006 0.0007 0.0010 0.0015 0.0031 0.0113 0.7224 0.2144 
22614074 5 0.0206 0.0184 0.0059 0.0030 0.0019 0.0015 0.0013 0.0013 0.0014 0.0016 0.0021 0.0037 0.0074 0.0040 0.0022 0.0017 0.0014 0.0013 0.0012 0.0014 0.0018 0.0028 0.0057 0.0201 0.5077 0.3788 
22614096 2 0.0182 0.0161 0.0077 0.0046 0.0032 0.0027 0.0025 0.0025 0.0028 0.0033 0.0040 0.0060 0.0106 0.0065 0.0042 0.0034 0.0028 0.0026 0.0025 0.0028 0.0033 0.0046 0.0079 0.0186 0.4786 0.3776 
22614128 5 0.0218 0.0192 0.0063 0.0032 0.0020 0.0016 0.0014 0.0013 0.0014 0.0017 0.0020 0.0035 0.0069 0.0036 0.0020 0.0016 0.0013 0.0013 0.0012 0.0014 0.0018 0.0029 0.0058 0.0202 0.4954 0.3892 
22614150 2 0.0193 0.0172 0.0057 0.0029 0.0019 0.0015 0.0013 0.0014 0.0015 0.0018 0.0023 0.0038 0.0066 0.0039 0.0022 0.0017 0.0014 0.0013 0.0012 0.0014 0.0018 0.0027 0.0055 0.0185 0.5325 0.3589 
22614236 5 0.0106 0.0091 0.0042 0.0024 0.0016 0.0013 0.0012 0.0012 0.0012 0.0014 0.0016 0.0027 0.0062 0.0029 0.0017 0.0014 0.0012 0.0012 0.0012 0.0013 0.0016 0.0023 0.0040 0.0099 0.7234 0.2032 
22614266 5 0.0172 0.0151 0.0048 0.0024 0.0015 0.0011 0.0010 0.0009 0.0010 0.0011 0.0014 0.0024 0.0049 0.0025 0.0014 0.0011 0.0009 0.0009 0.0009 0.0011 0.0014 0.0022 0.0045 0.0159 0.6125 0.2998 
22614352 2 0.0148 0.0129 0.0046 0.0024 0.0014 0.0011 0.0009 0.0009 0.0009 0.0009 0.0012 0.0026 0.0069 0.0028 0.0012 0.0009 0.0008 0.0008 0.0008 0.0010 0.0014 0.0022 0.0043 0.0137 0.6628 0.2562 
22614380 5 0.0152 0.0125 0.0063 0.0038 0.0026 0.0020 0.0017 0.0017 0.0017 0.0019 0.0024 0.0039 0.0088 0.0040 0.0025 0.0020 0.0018 0.0017 0.0017 0.0020 0.0025 0.0037 0.0060 0.0137 0.6207 0.2731 
22614404 2 0.0197 0.0170 0.0063 0.0034 0.0021 0.0016 0.0013 0.0012 0.0013 0.0014 0.0018 0.0031 0.0068 0.0033 0.0018 0.0015 0.0013 0.0013 0.0013 0.0016 0.0021 0.0033 0.0061 0.0184 0.5482 0.3428 
22614432 5 0.0207 0.0177 0.0066 0.0036 0.0022 0.0016 0.0013 0.0013 0.0014 0.0016 0.0019 0.0030 0.0064 0.0032 0.0020 0.0016 0.0014 0.0014 0.0014 0.0017 0.0022 0.0034 0.0062 0.0187 0.5298 0.3576 
22614500 2 0.0133 0.0119 0.0041 0.0023 0.0015 0.0012 0.0011 0.0012 0.0013 0.0016 0.0020 0.0036 0.0075 0.0037 0.0021 0.0017 0.0013 0.0012 0.0012 0.0013 0.0015 0.0022 0.0039 0.0124 0.6600 0.2550 
22614522 4 0.0132 0.0113 0.0057 0.0036 0.0027 0.0023 0.0022 0.0023 0.0026 0.0032 0.0040 0.0063 0.0121 0.0066 0.0045 0.0035 0.0029 0.0027 0.0024 0.0025 0.0028 0.0035 0.0054 0.0118 0.6101 0.2698 
22614544 2 0.0172 0.0152 0.0058 0.0034 0.0023 0.0018 0.0016 0.0017 0.0018 0.0021 0.0026 0.0042 0.0087 0.0046 0.0028 0.0023 0.0020 0.0019 0.0018 0.0019 0.0023 0.0032 0.0054 0.0159 0.5627 0.3249 
22614568 4 0.0172 0.0155 0.0060 0.0034 0.0024 0.0019 0.0018 0.0019 0.0021 0.0025 0.0032 0.0051 0.0092 0.0052 0.0033 0.0026 0.0022 0.0020 0.0019 0.0021 0.0025 0.0033 0.0056 0.0160 0.5444 0.3366 
22670094 6 0.0128 0.0113 0.0031 0.0015 0.0009 0.0006 0.0005 0.0005 0.0005 0.0005 0.0006 0.0013 0.0036 0.0013 0.0006 0.0005 0.0004 0.0004 0.0004 0.0005 0.0007 0.0012 0.0029 0.0120 0.7219 0.2196 
22670124 2 0.0120 0.0102 0.0045 0.0026 0.0017 0.0013 0.0011 0.0011 0.0010 0.0011 0.0013 0.0020 0.0046 0.0020 0.0013 0.0011 0.0010 0.0010 0.0010 0.0012 0.0015 0.0023 0.0043 0.0113 0.7041 0.2231 
22670148 6 0.0136 0.0121 0.0036 0.0017 0.0010 0.0007 0.0006 0.0006 0.0006 0.0007 0.0010 0.0021 0.0045 0.0022 0.0010 0.0007 0.0005 0.0005 0.0005 0.0006 0.0009 0.0015 0.0034 0.0127 0.6975 0.2353 
22670176 2 0.0145 0.0128 0.0039 0.0019 0.0011 0.0008 0.0006 0.0006 0.0006 0.0007 0.0009 0.0016 0.0039 0.0017 0.0009 0.0006 0.0005 0.0005 0.0005 0.0007 0.0010 0.0016 0.0036 0.0135 0.6828 0.2482 
22670278 4 0.0127 0.0112 0.0036 0.0018 0.0010 0.0008 0.0007 0.0006 0.0007 0.0008 0.0011 0.0021 0.0043 0.0021 0.0011 0.0008 0.0007 0.0006 0.0006 0.0007 0.0009 0.0016 0.0033 0.0119 0.7140 0.2203 
22670300 2 0.0110 0.0096 0.0038 0.0019 0.0012 0.0009 0.0007 0.0007 0.0007 0.0008 0.0010 0.0020 0.0044 0.0020 0.0011 0.0008 0.0007 0.0007 0.0007 0.0008 0.0010 0.0017 0.0034 0.0102 0.7389 0.1995 
22670324 4 0.0150 0.0129 0.0041 0.0020 0.0012 0.0009 0.0007 0.0007 0.0007 0.0008 0.0011 0.0019 0.0035 0.0019 0.0010 0.0008 0.0006 0.0007 0.0006 0.0008 0.0011 0.0018 0.0039 0.0138 0.6748 0.2524 
22670348 2 0.0142 0.0122 0.0040 0.0020 0.0012 0.0008 0.0007 0.0007 0.0007 0.0008 0.0010 0.0018 0.0036 0.0018 0.0010 0.0008 0.0006 0.0007 0.0006 0.0008 0.0010 0.0018 0.0037 0.0128 0.6923 0.2384 
22670442 1 0.0080 0.0070 0.0024 0.0013 0.0009 0.0007 0.0006 0.0006 0.0007 0.0008 0.0010 0.0020 0.0045 0.0019 0.0011 0.0008 0.0007 0.0007 0.0006 0.0008 0.0009 0.0014 0.0025 0.0071 0.8039 0.1470 
22670464 5 0.0097 0.0080 0.0040 0.0025 0.0018 0.0015 0.0013 0.0014 0.0015 0.0018 0.0024 0.0042 0.0083 0.0043 0.0026 0.0021 0.0017 0.0016 0.0015 0.0016 0.0018 0.0024 0.0038 0.0084 0.7339 0.1860 
22670488 1 0.0140 0.0122 0.0045 0.0026 0.0018 0.0014 0.0012 0.0012 0.0013 0.0016 0.0020 0.0032 0.0063 0.0033 0.0020 0.0017 0.0014 0.0013 0.0013 0.0014 0.0017 0.0024 0.0043 0.0125 0.6564 0.2569 
22670512 5 0.0159 0.0136 0.0050 0.0029 0.0020 0.0015 0.0013 0.0013 0.0014 0.0017 0.0021 0.0034 0.0066 0.0037 0.0023 0.0018 0.0015 0.0015 0.0014 0.0016 0.0019 0.0027 0.0048 0.0145 0.6179 0.2858 
22670620 2 0.0131 0.0118 0.0031 0.0013 0.0008 0.0005 0.0005 0.0005 0.0006 0.0007 0.0009 0.0021 0.0056 0.0020 0.0009 0.0006 0.0005 0.0004 0.0004 0.0005 0.0007 0.0012 0.0029 0.0123 0.7052 0.2309 
22670644 1 0.0115 0.0105 0.0036 0.0018 0.0011 0.0008 0.0007 0.0007 0.0008 0.0010 0.0013 0.0025 0.0056 0.0027 0.0013 0.0010 0.0008 0.0007 0.0007 0.0008 0.0011 0.0017 0.0035 0.0113 0.7078 0.2247 
22670672 2 0.0166 0.0149 0.0040 0.0018 0.0010 0.0008 0.0007 0.0007 0.0008 0.0010 0.0014 0.0028 0.0059 0.0029 0.0013 0.0010 0.0007 0.0007 0.0006 0.0008 0.0010 0.0017 0.0037 0.0156 0.6285 0.2895 
22670704 1 0.0161 0.0145 0.0041 0.0020 0.0012 0.0009 0.0008 0.0008 0.0009 0.0011 0.0016 0.0030 0.0061 0.0031 0.0015 0.0011 0.0008 0.0008 0.0007 0.0009 0.0011 0.0018 0.0040 0.0155 0.6277 0.2880 
22670808 4 0.0088 0.0079 0.0022 0.0010 0.0006 0.0004 0.0004 0.0004 0.0004 0.0004 0.0006 0.0011 0.0029 0.0012 0.0005 0.0004 0.0003 0.0003 0.0003 0.0004 0.0005 0.0008 0.0021 0.0087 0.8045 0.1530 
22670832 2 0.0100 0.0088 0.0034 0.0017 0.0010 0.0008 0.0006 0.0006 0.0006 0.0007 0.0008 0.0015 0.0034 0.0015 0.0008 0.0006 0.0005 0.0005 0.0005 0.0006 0.0009 0.0014 0.0031 0.0093 0.7671 0.1793 
22670856 5 0.0131 0.0116 0.0032 0.0014 0.0008 0.0006 0.0004 0.0004 0.0004 0.0005 0.0006 0.0011 0.0026 0.0012 0.0006 0.0005 0.0004 0.0004 0.0004 0.0005 0.0007 0.0013 0.0031 0.0127 0.7218 0.2196 
22670878 2 0.0116 0.0101 0.0030 0.0014 0.0008 0.0005 0.0005 0.0004 0.0004 0.0005 0.0006 0.0012 0.0024 0.0012 0.0006 0.0004 0.0004 0.0004 0.0004 0.0005 0.0007 0.0011 0.0027 0.0108 0.7542 0.1932 
22670978 4 0.0091 0.0082 0.0022 0.0010 0.0006 0.0005 0.0005 0.0006 0.0007 0.0009 0.0014 0.0028 0.0055 0.0027 0.0014 0.0009 0.0007 0.0006 0.0005 0.0005 0.0006 0.0010 0.0022 0.0084 0.7778 0.1685 
22671004 4 0.0108 0.0098 0.0028 0.0014 0.0009 0.0007 0.0006 0.0007 0.0008 0.0011 0.0016 0.0030 0.0055 0.0032 0.0017 0.0012 0.0009 0.0008 0.0007 0.0008 0.0009 0.0014 0.0027 0.0099 0.7360 0.2004 
22678448 2 0.0110 0.0099 0.0031 0.0015 0.0009 0.0006 0.0005 0.0006 0.0007 0.0008 0.0011 0.0024 0.0055 0.0024 0.0010 0.0006 0.0005 0.0004 0.0004 0.0005 0.0007 0.0012 0.0027 0.0107 0.7490 0.1913 
22678472 2 0.0077 0.0067 0.0031 0.0019 0.0013 0.0011 0.0010 0.0010 0.0011 0.0013 0.0016 0.0032 0.0066 0.0033 0.0017 0.0013 0.0011 0.0010 0.0009 0.0010 0.0013 0.0017 0.0029 0.0073 0.7907 0.1483 
22678496 2 0.0164 0.0144 0.0045 0.0022 0.0013 0.0009 0.0008 0.0008 0.0008 0.0010 0.0013 0.0025 0.0053 0.0027 0.0013 0.0009 0.0008 0.0007 0.0007 0.0008 0.0011 0.0018 0.0041 0.0157 0.6383 0.2790 
22678518 2 0.0127 0.0113 0.0039 0.0019 0.0012 0.0009 0.0008 0.0009 0.0010 0.0012 0.0017 0.0032 0.0061 0.0034 0.0017 0.0012 0.0009 0.0008 0.0008 0.0009 0.0011 0.0017 0.0035 0.0119 0.6969 0.2283 
22678622 1 0.0043 0.0039 0.0013 0.0008 0.0005 0.0005 0.0004 0.0004 0.0005 0.0006 0.0010 0.0021 0.0038 0.0020 0.0010 0.0007 0.0005 0.0005 0.0005 0.0005 0.0006 0.0008 0.0014 0.0037 0.8862 0.0815 
22678646 3 0.0052 0.0047 0.0016 0.0009 0.0006 0.0005 0.0005 0.0005 0.0006 0.0007 0.0011 0.0021 0.0037 0.0020 0.0011 0.0008 0.0006 0.0006 0.0005 0.0006 0.0007 0.0010 0.0017 0.0046 0.8649 0.0984 
22678670 1 0.0078 0.0069 0.0021 0.0011 0.0008 0.0006 0.0006 0.0006 0.0006 0.0008 0.0012 0.0022 0.0034 0.0022 0.0012 0.0009 0.0007 0.0007 0.0007 0.0007 0.0009 0.0012 0.0021 0.0068 0.8119 0.1413 
22678694 3 0.0073 0.0065 0.0021 0.0011 0.0008 0.0007 0.0006 0.0006 0.0007 0.0009 0.0013 0.0024 0.0037 0.0024 0.0014 0.0010 0.0008 0.0007 0.0007 0.0008 0.0009 0.0012 0.0021 0.0064 0.8162 0.1368 
22678788 2 0.0141 0.0126 0.0043 0.0023 0.0015 0.0012 0.0011 0.0012 0.0013 0.0016 0.0022 0.0043 0.0088 0.0045 0.0024 0.0018 0.0014 0.0013 0.0012 0.0013 0.0016 0.0024 0.0043 0.0131 0.6405 0.2674 
22678810 2 0.0093 0.0075 0.0040 0.0027 0.0020 0.0018 0.0016 0.0017 0.0019 0.0023 0.0030 0.0049 0.0084 0.0053 0.0033 0.0025 0.0020 0.0019 0.0018 0.0019 0.0022 0.0028 0.0040 0.0079 0.7422 0.1710 
22678832 2 0.0170 0.0147 0.0054 0.0030 0.0020 0.0016 0.0014 0.0015 0.0017 0.0022 0.0030 0.0053 0.0095 0.0055 0.0031 0.0023 0.0018 0.0017 0.0016 0.0018 0.0022 0.0032 0.0055 0.0153 0.5792 0.3089 
22678856 2 0.0137 0.0116 0.0046 0.0028 0.0019 0.0015 0.0013 0.0013 0.0015 0.0018 0.0025 0.0045 0.0075 0.0050 0.0027 0.0019 0.0016 0.0015 0.0014 0.0016 0.0019 0.0027 0.0047 0.0124 0.6590 0.2472 
22678952 4 0.0086 0.0078 0.0031 0.0019 0.0013 0.0011 0.0010 0.0011 0.0012 0.0015 0.0019 0.0031 0.0064 0.0030 0.0019 0.0015 0.0013 0.0012 0.0011 0.0012 0.0014 0.0019 0.0031 0.0082 0.7615 0.1728 
22678980 2 0.0098 0.0087 0.0040 0.0024 0.0017 0.0014 0.0014 0.0015 0.0016 0.0020 0.0024 0.0037 0.0079 0.0037 0.0025 0.0021 0.0017 0.0016 0.0015 0.0016 0.0019 0.0025 0.0040 0.0091 0.7259 0.1932 
22679008 4 0.0138 0.0123 0.0048 0.0027 0.0019 0.0015 0.0014 0.0014 0.0016 0.0019 0.0024 0.0038 0.0072 0.0040 0.0025 0.0020 0.0017 0.0016 0.0015 0.0017 0.0020 0.0028 0.0048 0.0129 0.6451 0.2605 
22679036 2 0.0138 0.0124 0.0046 0.0025 0.0016 0.0013 0.0012 0.0012 0.0013 0.0016 0.0020 0.0032 0.0065 0.0034 0.0021 0.0017 0.0014 0.0013 0.0013 0.0014 0.0018 0.0026 0.0046 0.0136 0.6490 0.2624 
24054996 1 0.0090 0.0080 0.0022 0.0010 0.0006 0.0004 0.0004 0.0004 0.0005 0.0006 0.0010 0.0022 0.0045 0.0021 0.0010 0.0007 0.0005 0.0005 0.0004 0.0005 0.0006 0.0010 0.0022 0.0082 0.7895 0.1620 
24055024 2 0.0077 0.0070 0.0018 0.0008 0.0004 0.0003 0.0003 0.0003 0.0003 0.0004 0.0005 0.0013 0.0032 0.0012 0.0005 0.0004 0.0003 0.0003 0.0003 0.0003 0.0004 0.0007 0.0017 0.0072 0.8259 0.1367 
24055052 1 0.0064 0.0058 0.0016 0.0007 0.0004 0.0003 0.0003 0.0003 0.0004 0.0005 0.0008 0.0018 0.0036 0.0017 0.0008 0.0005 0.0003 0.0003 0.0003 0.0003 0.0004 0.0007 0.0014 0.0059 0.8487 0.1160 
24055078 2 0.0061 0.0056 0.0013 0.0005 0.0003 0.0002 0.0002 0.0002 0.0002 0.0003 0.0005 0.0013 0.0027 0.0012 0.0005 0.0003 0.0002 0.0002 0.0002 0.0002 0.0003 0.0005 0.0012 0.0057 0.8617 0.1084 
24055148 5 0.0140 0.0116 0.0052 0.0033 0.0024 0.0020 0.0018 0.0019 0.0021 0.0024 0.0029 0.0045 0.0090 0.0049 0.0033 0.0027 0.0023 0.0022 0.0020 0.0022 0.0026 0.0034 0.0052 0.0124 0.6379 0.2560 
24055176 2 0.0120 0.0102 0.0041 0.0024 0.0017 0.0013 0.0012 0.0012 0.0013 0.0016 0.0019 0.0031 0.0065 0.0033 0.0021 0.0017 0.0015 0.0014 0.0014 0.0015 0.0018 0.0024 0.0040 0.0105 0.7030 0.2169 
24055204 5 0.0105 0.0089 0.0036 0.0021 0.0014 0.0012 0.0011 0.0011 0.0012 0.0015 0.0018 0.0029 0.0067 0.0029 0.0019 0.0016 0.0014 0.0013 0.0012 0.0013 0.0016 0.0022 0.0038 0.0096 0.7286 0.1986 
24055274 5 0.0154 0.0136 0.0048 0.0025 0.0016 0.0012 0.0010 0.0010 0.0011 0.0012 0.0015 0.0026 0.0055 0.0026 0.0015 0.0012 0.0010 0.0010 0.0010 0.0012 0.0015 0.0024 0.0046 0.0149 0.6404 0.2738 
24055328 3 0.0163 0.0144 0.0044 0.0022 0.0013 0.0010 0.0008 0.0009 0.0009 0.0010 0.0013 0.0023 0.0054 0.0023 0.0012 0.0009 0.0008 0.0008 0.0008 0.0009 0.0013 0.0021 0.0044 0.0157 0.6328 0.2838 
24055356 5 0.0147 0.0130 0.0044 0.0022 0.0013 0.0010 0.0008 0.0008 0.0009 0.0011 0.0014 0.0026 0.0060 0.0027 0.0013 0.0010 0.0008 0.0008 0.0008 0.0009 0.0013 0.0020 0.0041 0.0137 0.6630 0.2573 
24055382 3 0.0137 0.0120 0.0039 0.0020 0.0012 0.0009 0.0008 0.0008 0.0008 0.0010 0.0012 0.0022 0.0055 0.0022 0.0012 0.0008 0.0007 0.0007 0.0007 0.0008 0.0011 0.0019 0.0038 0.0132 0.6873 0.2396 
24055444 4 0.0151 0.0135 0.0057 0.0032 0.0020 0.0015 0.0013 0.0013 0.0014 0.0016 0.0020 0.0031 0.0047 0.0049 0.0036 0.0031 0.0022 0.0021 0.0018 0.0022 0.0027 0.0041 0.0071 0.0181 0.5794 0.3122 
24055464 4 0.0176 0.0152 0.0068 0.0038 0.0024 0.0018 0.0015 0.0015 0.0016 0.0018 0.0023 0.0038 0.0078 0.0053 0.0028 0.0021 0.0017 0.0017 0.0016 0.0020 0.0025 0.0039 0.0071 0.0175 0.5454 0.3384 
24055484 4 0.0141 0.0127 0.0053 0.0029 0.0019 0.0014 0.0012 0.0012 0.0013 0.0016 0.0020 0.0036 0.0076 0.0062 0.0034 0.0027 0.0019 0.0017 0.0015 0.0018 0.0022 0.0036 0.0066 0.0169 0.6010 0.2933 
24055502 4 0.0129 0.0114 0.0052 0.0028 0.0018 0.0013 0.0011 0.0011 0.0012 0.0014 0.0018 0.0032 0.0081 0.0040 0.0021 0.0017 0.0013 0.0012 0.0012 0.0015 0.0019 0.0030 0.0056 0.0132 0.6568 0.2530 
24055572 2 0.0125 0.0109 0.0045 0.0026 0.0018 0.0014 0.0012 0.0012 0.0013 0.0016 0.0019 0.0031 0.0058 0.0032 0.0020 0.0017 0.0014 0.0014 0.0014 0.0016 0.0019 0.0026 0.0044 0.0119 0.6853 0.2314 
24055600 4 0.0119 0.0105 0.0041 0.0023 0.0015 0.0012 0.0010 0.0010 0.0011 0.0014 0.0017 0.0027 0.0058 0.0028 0.0018 0.0014 0.0012 0.0012 0.0012 0.0013 0.0016 0.0023 0.0039 0.0111 0.7040 0.2201 
24055628 2 0.0091 0.0080 0.0032 0.0018 0.0013 0.0010 0.0010 0.0009 0.0010 0.0012 0.0015 0.0026 0.0058 0.0026 0.0016 0.0013 0.0011 0.0010 0.0010 0.0011 0.0013 0.0018 0.0030 0.0083 0.7657 0.1720 
24055654 4 0.0090 0.0080 0.0033 0.0019 0.0013 0.0010 0.0009 0.0009 0.0010 0.0011 0.0014 0.0025 0.0058 0.0025 0.0015 0.0012 0.0010 0.0010 0.0010 0.0011 0.0013 0.0018 0.0030 0.0083 0.7671 0.1712 
24055724 2 0.0171 0.0147 0.0061 0.0036 0.0025 0.0020 0.0018 0.0018 0.0020 0.0023 0.0029 0.0048 0.0088 0.0049 0.0031 0.0025 0.0021 0.0020 0.0019 0.0022 0.0025 0.0035 0.0058 0.0152 0.5711 0.3129 
24055752 2 0.0159 0.0138 0.0056 0.0033 0.0024 0.0020 0.0019 0.0020 0.0022 0.0026 0.0033 0.0054 0.0093 0.0056 0.0035 0.0028 0.0023 0.0022 0.0021 0.0022 0.0026 0.0035 0.0057 0.0141 0.5833 0.3002 
24055780 2 0.0128 0.0111 0.0048 0.0028 0.0020 0.0017 0.0016 0.0017 0.0019 0.0022 0.0030 0.0051 0.0101 0.0052 0.0031 0.0024 0.0019 0.0018 0.0017 0.0018 0.0020 0.0028 0.0047 0.0116 0.6553 0.2451 
24055806 2 0.0087 0.0076 0.0033 0.0020 0.0015 0.0012 0.0012 0.0013 0.0015 0.0018 0.0025 0.0046 0.0088 0.0046 0.0027 0.0020 0.0016 0.0014 0.0013 0.0014 0.0016 0.0021 0.0033 0.0077 0.7532 0.1710 
24055876 2 0.0190 0.0170 0.0050 0.0022 0.0012 0.0009 0.0007 0.0008 0.0008 0.0010 0.0013 0.0025 0.0053 0.0026 0.0013 0.0009 0.0007 0.0007 0.0006 0.0008 0.0011 0.0020 0.0048 0.0192 0.5772 0.3302 
24055904 2 0.0198 0.0176 0.0053 0.0025 0.0014 0.0010 0.0009 0.0009 0.0009 0.0011 0.0014 0.0024 0.0055 0.0025 0.0014 0.0010 0.0008 0.0008 0.0008 0.0009 0.0013 0.0022 0.0051 0.0198 0.5572 0.3454 
24055932 2 0.0191 0.0172 0.0045 0.0019 0.0010 0.0007 0.0006 0.0006 0.0006 0.0007 0.0009 0.0018 0.0049 0.0018 0.0008 0.0006 0.0005 0.0004 0.0004 0.0005 0.0008 0.0016 0.0040 0.0182 0.5960 0.3199 
24055958 2 0.0182 0.0163 0.0045 0.0020 0.0011 0.0008 0.0006 0.0006 0.0007 0.0008 0.0010 0.0018 0.0054 0.0020 0.0009 0.0007 0.0005 0.0005 0.0005 0.0006 0.0009 0.0017 0.0043 0.0183 0.6017 0.3133 
24058660 2 0.0154 0.0139 0.0052 0.0027 0.0016 0.0012 0.0011 0.0011 0.0013 0.0015 0.0020 0.0036 0.0077 0.0039 0.0020 0.0015 0.0012 0.0011 0.0011 0.0012 0.0016 0.0025 0.0047 0.0147 0.6237 0.2825 
24058686 4 0.0144 0.0124 0.0065 0.0039 0.0026 0.0020 0.0018 0.0018 0.0019 0.0023 0.0029 0.0048 0.0099 0.0051 0.0032 0.0025 0.0021 0.0020 0.0020 0.0022 0.0027 0.0037 0.0061 0.0132 0.6152 0.2729 
24058712 2 0.0175 0.0157 0.0055 0.0028 0.0017 0.0012 0.0011 0.0011 0.0012 0.0014 0.0018 0.0032 0.0068 0.0033 0.0018 0.0014 0.0011 0.0011 0.0011 0.0013 0.0017 0.0027 0.0051 0.0169 0.5831 0.3184 
24058738 4 0.0173 0.0157 0.0059 0.0032 0.0020 0.0015 0.0013 0.0014 0.0015 0.0019 0.0024 0.0038 0.0074 0.0041 0.0025 0.0019 0.0016 0.0015 0.0015 0.0017 0.0022 0.0031 0.0057 0.0173 0.5688 0.3228 
24065252 5 0.0096 0.0079 0.0044 0.0031 0.0023 0.0020 0.0017 0.0019 0.0020 0.0024 0.0029 0.0041 0.0059 0.0060 0.0043 0.0036 0.0028 0.0027 0.0024 0.0027 0.0030 0.0041 0.0056 0.0112 0.7096 0.1918 
24065270 1 0.0116 0.0094 0.0050 0.0032 0.0022 0.0018 0.0015 0.0015 0.0015 0.0018 0.0021 0.0032 0.0062 0.0037 0.0025 0.0021 0.0018 0.0017 0.0017 0.0020 0.0024 0.0034 0.0053 0.0110 0.6994 0.2120 
24065288 5 0.0073 0.0058 0.0036 0.0026 0.0019 0.0016 0.0014 0.0015 0.0016 0.0019 0.0024 0.0037 0.0057 0.0052 0.0035 0.0029 0.0022 0.0021 0.0019 0.0021 0.0022 0.0029 0.0040 0.0073 0.7812 0.1414 
24065308 1 0.0100 0.0084 0.0045 0.0029 0.0020 0.0017 0.0014 0.0015 0.0015 0.0018 0.0021 0.0036 0.0077 0.0042 0.0026 0.0022 0.0018 0.0018 0.0016 0.0019 0.0023 0.0032 0.0051 0.0102 0.7215 0.1927 
24065380 2 0.0167 0.0150 0.0058 0.0033 0.0022 0.0018 0.0015 0.0016 0.0018 0.0022 0.0029 0.0048 0.0096 0.0054 0.0031 0.0024 0.0019 0.0017 0.0016 0.0018 0.0023 0.0033 0.0058 0.0167 0.5621 0.3228 
24065408 4 0.0161 0.0142 0.0061 0.0037 0.0025 0.0019 0.0017 0.0019 0.0021 0.0025 0.0032 0.0055 0.0098 0.0061 0.0036 0.0027 0.0023 0.0020 0.0019 0.0021 0.0026 0.0036 0.0059 0.0153 0.5720 0.3085 
24065434 2 0.0136 0.0124 0.0046 0.0026 0.0017 0.0014 0.0012 0.0013 0.0014 0.0017 0.0021 0.0036 0.0082 0.0038 0.0022 0.0017 0.0014 0.0013 0.0012 0.0014 0.0017 0.0024 0.0044 0.0132 0.6445 0.2653 
24065460 4 0.0130 0.0116 0.0049 0.0030 0.0021 0.0017 0.0016 0.0016 0.0018 0.0021 0.0027 0.0044 0.0093 0.0050 0.0030 0.0024 0.0019 0.0017 0.0017 0.0018 0.0021 0.0028 0.0047 0.0122 0.6444 0.2565 
24065530 4 0.0129 0.0111 0.0048 0.0031 0.0024 0.0022 0.0022 0.0024 0.0027 0.0033 0.0044 0.0071 0.0119 0.0075 0.0046 0.0035 0.0029 0.0026 0.0024 0.0025 0.0028 0.0034 0.0048 0.0114 0.6307 0.2503 
24065556 2 0.0127 0.0107 0.0048 0.0032 0.0025 0.0022 0.0022 0.0023 0.0025 0.0030 0.0037 0.0055 0.0097 0.0058 0.0039 0.0031 0.0027 0.0024 0.0023 0.0024 0.0025 0.0032 0.0048 0.0109 0.6449 0.2460 
24065584 4 0.0078 0.0068 0.0029 0.0020 0.0016 0.0015 0.0014 0.0016 0.0018 0.0021 0.0027 0.0050 0.0093 0.0052 0.0030 0.0023 0.0019 0.0017 0.0016 0.0016 0.0018 0.0022 0.0031 0.0070 0.7698 0.1525 
24065612 2 0.0097 0.0082 0.0036 0.0024 0.0019 0.0017 0.0017 0.0017 0.0019 0.0023 0.0029 0.0048 0.0090 0.0048 0.0030 0.0024 0.0020 0.0018 0.0016 0.0016 0.0018 0.0023 0.0035 0.0084 0.7258 0.1891 
24065680 2 0.0095 0.0084 0.0030 0.0016 0.0010 0.0007 0.0006 0.0006 0.0006 0.0008 0.0010 0.0016 0.0039 0.0018 0.0010 0.0008 0.0007 0.0007 0.0006 0.0008 0.0010 0.0015 0.0030 0.0094 0.7744 0.1709 
24065708 5 0.0091 0.0082 0.0029 0.0015 0.0009 0.0007 0.0006 0.0006 0.0007 0.0008 0.0010 0.0017 0.0038 0.0018 0.0010 0.0008 0.0007 0.0007 0.0006 0.0008 0.0010 0.0015 0.0028 0.0089 0.7815 0.1655 
24065734 2 0.0065 0.0058 0.0022 0.0011 0.0007 0.0005 0.0005 0.0005 0.0005 0.0005 0.0006 0.0012 0.0031 0.0011 0.0006 0.0005 0.0004 0.0004 0.0004 0.0005 0.0007 0.0010 0.0019 0.0061 0.8449 0.1176 
24065760 5 0.0065 0.0058 0.0021 0.0011 0.0007 0.0005 0.0005 0.0005 0.0005 0.0005 0.0006 0.0012 0.0032 0.0011 0.0006 0.0005 0.0004 0.0004 0.0004 0.0005 0.0006 0.0010 0.0019 0.0059 0.8476 0.1155 
24065832 2 0.0154 0.0136 0.0059 0.0038 0.0029 0.0025 0.0024 0.0026 0.0029 0.0033 0.0042 0.0058 0.0108 0.0060 0.0043 0.0035 0.0029 0.0027 0.0025 0.0027 0.0030 0.0038 0.0059 0.0142 0.5677 0.3047 
24065860 2 0.0164 0.0145 0.0059 0.0036 0.0026 0.0022 0.0020 0.0021 0.0023 0.0027 0.0035 0.0056 0.0113 0.0060 0.0037 0.0029 0.0025 0.0024 0.0022 0.0024 0.0027 0.0037 0.0059 0.0148 0.5558 0.3200 
24065888 2 0.0112 0.0102 0.0041 0.0025 0.0018 0.0016 0.0016 0.0017 0.0019 0.0023 0.0029 0.0044 0.0087 0.0044 0.0030 0.0024 0.0020 0.0018 0.0016 0.0017 0.0019 0.0025 0.0041 0.0104 0.6778 0.2315 
24065914 2 0.0113 0.0099 0.0045 0.0029 0.0022 0.0019 0.0018 0.0019 0.0022 0.0026 0.0033 0.0054 0.0116 0.0055 0.0034 0.0027 0.0022 0.0021 0.0019 0.0021 0.0024 0.0031 0.0047 0.0100 0.6743 0.2239 
26933772 2 0.0047 0.0040 0.0018 0.0012 0.0009 0.0007 0.0007 0.0007 0.0008 0.0009 0.0012 0.0021 0.0047 0.0022 0.0012 0.0009 0.0007 0.0007 0.0007 0.0007 0.0008 0.0011 0.0017 0.0041 0.8747 0.0863 
26933800 4 0.0055 0.0043 0.0025 0.0018 0.0014 0.0011 0.0010 0.0011 0.0011 0.0013 0.0016 0.0028 0.0060 0.0029 0.0017 0.0014 0.0012 0.0011 0.0010 0.0011 0.0013 0.0016 0.0023 0.0044 0.8533 0.0951 
26933830 2 0.0086 0.0071 0.0034 0.0022 0.0016 0.0013 0.0012 0.0012 0.0014 0.0016 0.0020 0.0034 0.0064 0.0037 0.0022 0.0018 0.0015 0.0014 0.0013 0.0015 0.0017 0.0022 0.0032 0.0075 0.7777 0.1528 
26933860 4 0.0094 0.0077 0.0035 0.0022 0.0015 0.0012 0.0011 0.0011 0.0012 0.0014 0.0017 0.0027 0.0057 0.0029 0.0018 0.0015 0.0013 0.0012 0.0012 0.0013 0.0016 0.0021 0.0034 0.0081 0.7682 0.1649 
27829134 5 0.0104 0.0093 0.0030 0.0016 0.0010 0.0008 0.0007 0.0007 0.0007 0.0008 0.0011 0.0019 0.0049 0.0021 0.0011 0.0009 0.0007 0.0007 0.0007 0.0008 0.0010 0.0015 0.0029 0.0097 0.7507 0.1906 
27829160 1 0.0098 0.0084 0.0038 0.0022 0.0015 0.0012 0.0011 0.0010 0.0011 0.0013 0.0016 0.0027 0.0062 0.0027 0.0016 0.0013 0.0011 0.0010 0.0010 0.0012 0.0015 0.0021 0.0036 0.0089 0.7462 0.1858 
27829188 5 0.0161 0.0140 0.0043 0.0023 0.0015 0.0011 0.0010 0.0010 0.0011 0.0013 0.0016 0.0027 0.0061 0.0030 0.0017 0.0014 0.0011 0.0011 0.0011 0.0012 0.0015 0.0023 0.0043 0.0145 0.6313 0.2813 
27829216 1 0.0160 0.0140 0.0041 0.0020 0.0012 0.0009 0.0008 0.0008 0.0008 0.0010 0.0013 0.0023 0.0051 0.0024 0.0013 0.0010 0.0008 0.0008 0.0008 0.0010 0.0013 0.0020 0.0040 0.0147 0.6417 0.2775 
30011484 2 0.0077 0.0067 0.0019 0.0009 0.0006 0.0004 0.0003 0.0003 0.0004 0.0005 0.0008 0.0018 0.0043 0.0019 0.0008 0.0005 0.0004 0.0004 0.0004 0.0004 0.0006 0.0009 0.0019 0.0069 0.8279 0.1304 
30011508 4 0.0062 0.0052 0.0023 0.0013 0.0009 0.0007 0.0006 0.0006 0.0006 0.0008 0.0011 0.0023 0.0049 0.0024 0.0011 0.0008 0.0007 0.0006 0.0006 0.0007 0.0009 0.0013 0.0023 0.0055 0.8450 0.1107 
30011530 2 0.0137 0.0119 0.0035 0.0017 0.0010 0.0007 0.0006 0.0006 0.0006 0.0007 0.0010 0.0022 0.0045 0.0025 0.0010 0.0008 0.0006 0.0006 0.0006 0.0008 0.0010 0.0016 0.0034 0.0121 0.7037 0.2287 
30011552 4 0.0137 0.0119 0.0035 0.0017 0.0010 0.0007 0.0006 0.0005 0.0006 0.0007 0.0009 0.0018 0.0042 0.0021 0.0010 0.0007 0.0006 0.0006 0.0006 0.0008 0.0010 0.0016 0.0033 0.0122 0.7057 0.2280 
30011648 2 0.0131 0.0112 0.0044 0.0025 0.0016 0.0013 0.0011 0.0011 0.0011 0.0013 0.0015 0.0030 0.0065 0.0032 0.0016 0.0013 0.0011 0.0011 0.0011 0.0012 0.0015 0.0022 0.0041 0.0120 0.6893 0.2305 
30011674 5 0.0129 0.0107 0.0052 0.0032 0.0023 0.0018 0.0017 0.0017 0.0017 0.0020 0.0024 0.0040 0.0089 0.0042 0.0026 0.0022 0.0018 0.0018 0.0017 0.0019 0.0024 0.0032 0.0051 0.0117 0.6707 0.2323 
30011700 2 0.0174 0.0147 0.0056 0.0032 0.0021 0.0016 0.0014 0.0013 0.0013 0.0015 0.0017 0.0030 0.0057 0.0031 0.0018 0.0015 0.0013 0.0013 0.0014 0.0016 0.0020 0.0029 0.0052 0.0155 0.6043 0.2974 
